#2026-07-23 17:12:13 LSVZM60T8N2105404
#Time	01/进气温度/---	01/废气温度1，气缸列1/---	01/微粒过滤器之前的废气温度/---	01/颗粒过滤器中的废气温度，计算所得/---	01/气缸列1颗粒过滤器入口，温度传感器1，原始值/---	01/气缸列1颗粒过滤器出口，温度传感器1，原始值/---	01/颗粒过滤器，颗粒过滤器上游的相对压力/---	01/颗粒过滤器，油灰质量（克）/---	01/颗粒过滤器，负荷级/---	01/发动机转速/---	01/车速/---	01/微粒过滤器，压差/---	
#Time	01----	01----	01----	01----	01----	01----	01----	01----	01----	01----	01----	01----	
#ms	℃	℃	℃	℃	℃	℃	hPa	g	-	rpm	km/h	hPa	
23	56	31.3	35.5	35.3	35.8	35.2	1.56	4.57	0	0	0	0.00	
386	56	31.3	35.2	35.2	35.2	35.5	1.56	4.57	0	0	0	0.00	
825	56	31.3	35.5	35.5	35.5	35.2	1.56	4.57	0	0	0	0.00	
1279	56	31.3	35.5	35.5	35.2	35.2	1.56	4.57	0	0	0	0.00	
1689	56	31.3	35.5	35.3	35.5	35.2	1.56	4.57	0	0	0	0.31	
2089	56	31.3	35.5	35.2	35.5	35.2	1.56	4.57	0	0	0	0.00	
2530	56	31.3	35.5	35.5	35.5	35.2	1.56	4.57	0	0	0	0.00	
2964	56	31.3	35.2	35.5	35.5	35.2	1.56	4.57	0	0	0	0.31	
3370	56	31.3	35.5	35.3	35.2	35.2	1.44	4.57	0	0	0	0.00	
3721	56	31.3	35.2	35.3	35.2	35.5	1.56	4.57	0	0	0	0.00	
4089	56	31.3	35.2	35.2	35.2	35.2	1.56	4.57	0	0	0	0.00	
4528	56	31.3	35.2	35.3	35.2	35.2	1.56	4.57	0	0	0	0.00	
4930	56	31.3	35.2	35.2	35.2	34.8	1.44	4.57	0	0	0	0.31	
5301	56	31.3	35.5	35.3	35.5	35.5	1.56	4.57	0	0	0	0.00	
5690	56	31.3	35.2	35.3	35.2	35.2	1.56	4.57	0	0	0	0.00	
6046	56	31.3	35.2	35.3	35.5	35.2	1.56	4.57	0	0	0	0.00	
6389	56	31.3	35.8	35.5	35.2	35.5	1.56	4.57	0	0	0	0.00	
6797	56	31.3	35.2	35.3	35.2	35.2	1.44	4.57	0	0	0	0.00	
7136	56	31.3	35.2	35.0	35.2	34.5	1.56	4.57	0	0	0	0.00	
7563	56	31.3	35.5	35.3	35.5	35.5	1.44	4.57	0	0	0	0.00	
7927	56	31.3	35.5	35.0	35.5	35.2	1.56	4.57	0	0	0	0.00	
8298	56	31.3	34.8	35.3	35.2	35.5	1.56	4.57	0	0	0	0.00	
8718	56	31.3	35.2	35.5	35.2	35.5	1.56	4.57	0	0	0	0.00	
9071	56	31.3	35.2	35.5	35.2	34.8	1.44	4.57	0	0	0	0.00	
9508	56	31.3	35.2	35.2	35.5	35.5	1.44	4.57	0	0	0	0.00	
9912	56	31.3	35.2	35.2	35.5	35.5	1.44	4.57	0	0	0	0.00	
10309	56	31.3	35.2	35.3	35.2	35.5	1.56	4.57	0	0	0	0.00	
10717	56	31.3	35.5	35.5	35.5	35.5	1.56	4.57	0	0	0	0.00	
11094	56	31.3	35.5	35.2	35.5	35.8	1.56	4.57	0	0	0	0.00	
11453	56	31.3	35.5	35.1	35.5	35.2	1.56	4.57	0	0	0	0.00	
11902	56	31.3	34.8	35.3	35.2	35.5	1.56	4.57	0	0	0	0.00	
12205	56	31.3	35.5	35.2	35.5	35.2	1.56	4.57	0	0	0	0.00	
12566	56	31.3	35.2	35.3	35.5	35.5	1.56	4.57	0	0	0	0.00	
12913	56	31.3	35.5	35.3	35.5	35.5	1.44	4.57	0	0	0	0.00	
13270	56	31.3	35.2	35.1	35.2	35.5	1.44	4.57	0	0	0	0.00	
13602	56	31.3	35.2	35.2	35.2	35.5	1.56	4.57	0	0	0	0.00	
14035	56	31.3	35.5	35.2	35.5	35.2	1.44	4.57	0	0	0	0.00	
14449	56	31.3	35.5	35.5	35.5	35.2	1.56	4.57	0	0	0	0.00	
14805	56	31.3	35.5	35.3	35.5	35.5	1.56	4.57	0	0	0	0.31	
15171	56	31.3	35.8	35.1	35.2	35.2	1.44	4.57	0	0	0	0.00	
15510	56	31.3	35.5	35.5	35.2	35.5	1.44	4.57	0	0	0	0.00	
15755	56	31.3	35.5	35.1	35.2	35.2	1.56	4.57	0	0	0	0.00	
16104	56	31.3	35.2	35.3	35.5	35.5	1.44	4.57	0	0	0	0.00	
16515	56	31.3	35.5	35.3	35.5	35.2	1.56	4.57	0	0	0	0.00	
16870	56	31.3	35.5	35.1	35.5	34.8	1.44	4.57	0	0	0	0.00	
17212	56	31.3	35.5	35.3	35.5	35.2	1.44	4.57	0	0	0	0.00	
17579	56	31.3	35.8	35.3	35.5	35.5	1.56	4.57	0	0	0	0.31	
17936	56	31.3	34.8	35.3	35.2	35.2	1.56	4.57	0	0	0	0.00	
18328	56	31.3	35.5	35.5	35.5	35.2	1.56	4.57	0	0	0	0.00	
18779	56	31.3	35.5	35.5	35.2	35.2	1.44	4.57	0	0	0	0.00	
19285	56	31.3	35.2	34.8	35.2	35.2	1.44	4.57	0	0	0	0.00	
19574	56	31.3	35.2	35.5	35.2	35.2	1.44	4.57	0	0	0	0.00	
19840	56	31.3	35.2	35.5	35.5	35.2	1.44	4.57	0	0	0	0.00	
20216	56	31.3	35.5	35.3	35.5	34.8	1.56	4.57	0	0	0	0.00	
20629	56	31.3	35.2	35.2	35.2	35.5	1.56	4.57	0	0	0	0.00	
21045	56	31.3	35.2	35.2	35.5	35.2	1.56	4.57	0	0	0	0.00	
21436	56	31.3	35.5	35.5	35.5	35.2	1.44	4.57	0	0	0	0.00	
21844	56	31.3	35.5	35.6	35.2	35.2	1.44	4.57	0	0	0	0.00	
22182	56	31.3	35.5	35.1	35.2	35.2	1.56	4.57	0	0	0	0.00	
22568	56	31.3	35.2	35.3	35.5	35.2	1.44	4.57	0	0	0	0.00	
22936	56	31.3	35.5	35.5	35.5	35.2	1.56	4.57	0	0	0	0.31	
23298	56	31.3	35.5	35.1	35.2	35.2	1.56	4.57	0	0	0	0.00	
23679	56	31.3	35.5	35.3	35.2	34.8	1.56	4.57	0	0	0	0.00	
24036	56	31.3	35.2	35.5	35.5	35.5	1.56	4.57	0	0	0	0.00	
24419	56	31.3	35.5	35.1	34.8	35.5	1.44	4.57	0	0	0	0.00	
24847	56	31.3	35.2	35.0	35.5	35.2	1.44	4.57	0	0	0	0.00	
25195	56	31.3	35.5	35.3	35.5	34.8	1.56	4.57	0	0	0	0.00	
25590	56	31.3	35.5	35.3	35.2	35.2	1.56	4.57	0	0	0	0.00	
25950	56	31.3	35.5	35.3	35.5	35.5	1.56	4.57	0	0	0	0.00	
26299	56	31.3	35.5	35.2	35.5	35.2	1.56	4.57	0	0	0	0.00	
26651	56	31.3	35.2	35.2	35.2	35.2	1.44	4.57	0	0	0	0.00	
27061	56	31.3	35.5	35.3	35.5	35.2	1.56	4.57	0	0	0	0.00	
27461	56	31.3	35.2	35.1	35.2	35.2	1.56	4.57	0	0	0	0.00	
27821	56	31.3	35.5	35.3	35.2	35.2	1.56	4.57	0	0	0	0.00	
28219	56	31.3	35.5	35.3	35.2	35.2	1.44	4.57	0	0	0	0.00	
28589	56	31.3	35.2	34.8	35.2	35.2	1.44	4.57	0	0	0	0.00	
28974	56	31.3	35.5	35.3	35.5	35.2	1.44	4.57	0	0	0	0.00	
29381	56	31.3	35.5	35.3	35.2	35.2	1.56	4.57	0	0	0	0.00	
29730	56	31.3	35.5	35.0	35.8	34.8	1.44	4.57	0	0	0	0.00	
30093	56	31.3	35.5	35.3	35.2	34.8	1.56	4.57	0	0	0	0.00	
30448	56	31.3	35.5	35.6	35.5	35.2	1.56	4.57	0	0	0	0.00	
30853	56	31.3	35.5	35.3	35.5	35.2	1.44	4.57	0	0	0	0.00	
31209	56	31.3	35.5	35.3	35.5	35.2	1.44	4.57	0	0	0	0.00	
31596	56	31.3	35.2	35.3	35.2	35.2	1.56	4.57	0	0	0	0.00	
31962	56	31.4	35.2	35.3	35.2	35.2	1.44	4.57	0	0	0	0.00	
32343	56	31.4	35.2	35.0	35.5	35.2	1.56	4.57	0	0	0	0.00	
32775	56	31.4	35.2	35.5	35.2	35.2	1.44	4.57	0	0	0	0.00	
33163	56	31.5	35.2	35.3	35.5	35.2	1.44	4.57	0	0	0	0.00	
33568	56	31.5	35.2	35.5	35.5	35.5	1.44	4.57	0	0	0	0.00	
33945	56	31.5	35.2	35.3	35.2	35.2	1.44	4.57	0	0	0	0.00	
34329	56	31.5	35.5	35.2	35.5	35.2	1.56	4.57	0	0	0	0.00	
34716	56	31.5	35.5	35.3	35.5	35.5	1.44	4.57	0	0	0	0.00	
35107	56	31.6	35.5	35.5	35.2	35.5	1.44	4.57	0	0	0	0.00	
35465	56	31.6	35.5	35.2	35.2	35.2	1.44	4.57	0	0	0	0.00	
35857	56	31.6	35.5	35.3	35.5	35.2	1.44	4.57	0	0	0	0.00	
36245	56	31.6	35.2	35.0	35.2	34.8	1.44	4.57	0	0	0	0.00	
36591	56	31.6	35.5	35.3	35.2	35.2	1.44	4.57	0	0	0	0.00	
36993	56	31.6	35.5	35.3	35.5	35.2	1.44	4.57	0	0	0	0.00	
37374	56	31.6	35.2	35.2	35.5	35.2	1.56	4.57	0	0	0	0.00	
37764	56	31.6	35.5	35.0	35.5	35.2	1.44	4.57	0	0	0	0.00	
38116	56	31.6	35.2	35.3	35.5	35.8	1.44	4.57	0	0	0	0.00	
38510	56	31.6	35.2	35.1	35.5	34.8	1.44	4.57	0	0	0	0.00	
38866	56	31.7	35.2	35.3	35.2	35.5	1.44	4.57	0	0	0	0.00	
39229	56	31.7	35.5	35.2	35.2	35.2	1.44	4.57	0	0	0	0.00	
39632	56	31.7	35.5	35.2	35.5	34.8	1.56	4.57	0	0	0	0.00	
40029	56	31.7	35.5	35.2	35.5	35.5	1.56	4.57	0	0	0	0.00	
40394	56	31.7	35.5	35.3	35.5	35.2	1.56	4.57	0	0	0	0.00	
40806	56	31.7	35.2	35.2	35.5	35.5	1.56	4.57	0	0	0	0.00	
41151	56	31.7	35.5	35.2	35.5	35.2	1.44	4.57	0	0	0	0.00	
41536	56	31.7	35.5	35.1	35.5	35.2	1.44	4.57	0	0	0	0.00	
41891	56	31.7	35.5	35.3	35.5	35.5	1.44	4.57	0	0	0	0.00	
42307	56	31.7	35.2	35.0	34.8	35.2	1.56	4.57	0	0	0	0.00	
42759	56	31.7	35.2	35.0	35.5	35.5	1.44	4.57	0	0	0	0.00	
43135	56	31.7	35.2	35.2	34.8	34.8	1.56	4.57	0	0	0	0.00	
43505	56	31.7	35.5	35.6	35.2	35.2	1.44	4.57	0	0	0	0.00	
43911	56	31.7	35.5	35.2	35.2	35.2	1.56	4.57	0	0	0	0.00	
44310	56	31.7	35.5	35.3	35.5	35.2	1.44	4.57	0	0	0	0.00	
44704	56	31.7	35.5	35.2	35.5	35.5	1.44	4.57	0	0	0	0.31	
45122	56	31.7	35.2	35.3	35.2	35.2	1.44	4.57	0	0	0	0.00	
45495	56	31.7	35.5	35.3	35.5	35.2	1.44	4.57	0	0	0	0.00	
45867	56	31.7	35.5	35.2	35.8	35.5	1.56	4.57	0	0	0	0.00	
46249	56	31.7	35.5	35.3	35.5	35.5	1.44	4.57	0	0	0	0.00	
46653	56	31.7	35.5	35.3	35.2	35.5	1.56	4.57	0	0	0	0.00	
47078	56	31.7	35.2	35.3	35.5	35.2	1.56	4.57	0	0	0	0.00	
47486	56	31.7	35.2	35.2	35.2	35.2	1.44	4.57	0	0	0	0.00	
47828	56	31.7	35.2	35.2	35.2	34.8	1.44	4.57	0	0	0	0.00	
48235	56	31.7	35.2	35.2	35.2	34.8	1.56	4.57	0	0	0	0.00	
48660	56	31.7	35.2	35.3	34.8	35.5	1.44	4.57	0	0	0	0.00	
49059	56	31.7	35.5	35.5	35.5	35.5	1.44	4.57	0	0	0	0.00	
49497	56	31.7	35.8	35.3	35.8	35.2	1.44	4.57	0	0	0	0.00	
49902	56	31.7	35.2	35.3	35.2	35.2	1.44	4.57	0	0	0	0.00	
50299	56	31.7	35.5	35.5	35.2	35.5	1.44	4.57	0	0	0	0.31	
50697	56	31.7	35.5	35.5	35.5	35.2	1.56	4.57	0	0	0	0.00	
51101	56	31.7	35.2	35.2	34.8	35.5	1.44	4.57	0	0	0	0.00	
51477	56	31.7	35.5	35.5	35.8	35.2	1.44	4.57	0	0	0	0.00	
51871	56	31.7	35.2	35.2	35.2	35.2	1.44	4.57	0	0	0	0.00	
52232	56	31.7	35.8	35.3	35.5	35.2	1.56	4.57	0	0	0	0.00	
52614	56	31.7	34.8	35.1	35.2	34.8	1.44	4.57	0	0	0	0.00	
52971	56	31.7	35.2	35.0	35.5	35.5	1.44	4.57	0	0	0	0.00	
53392	56	31.7	35.5	35.3	35.5	35.5	1.44	4.57	0	0	0	0.00	
53751	56	31.7	35.5	35.2	35.2	35.2	1.44	4.57	0	0	0	0.00	
54110	56	31.7	34.8	35.0	35.2	34.8	1.44	4.57	0	0	0	0.00	
54517	56	31.7	35.2	35.2	35.5	35.2	2.62	4.57	0	89	0	0.00	
54916	56	31.7	35.5	35.3	35.5	35.2	7.12	4.57	0	649	0	2.44	
55288	56	31.7	35.5	35.1	35.5	35.2	1.06	4.57	0	1,166	0	2.75	
55695	55	31.7	35.5	35.2	35.2	35.2	1.06	4.57	0	1,088	0	0.31	
56050	55	31.7	35.5	35.5	35.5	35.2	1.06	4.57	0	1,044	0	0.56	
56409	55	31.7	35.2	35.5	35.2	35.2	1.06	4.57	0	992	0	0.56	
56823	55	31.7	35.5	35.2	35.5	35.5	1.44	4.57	0	936	0	0.00	
57184	55	31.7	35.5	35.0	35.2	35.5	1.44	4.57	0	903	0	0.31	
57578	55	31.7	35.8	35.5	35.8	35.2	1.56	4.57	0	894	0	0.00	
58001	55	31.7	35.5	35.5	35.2	34.8	1.56	4.57	0	872	0	0.31	
58403	55	31.7	35.8	35.1	35.8	34.8	1.94	4.57	0	868	0	0.00	
58826	55	31.7	35.8	35.3	36.2	35.2	1.75	4.57	0	900	0	0.00	
59231	55	31.7	35.8	35.5	35.5	35.2	1.75	4.57	0	912	0	0.00	
59600	55	31.7	35.8	35.8	35.5	35.2	1.94	4.57	0	896	0	0.00	
59959	55	31.7	36.2	35.5	35.8	35.2	1.94	4.57	0	898	0	0.00	
60314	55	31.7	36.2	35.5	36.2	35.2	1.94	4.57	0	891	0	0.00	
60726	55	31.7	36.2	35.7	36.2	35.2	1.94	4.57	0	876	0	0.00	
61085	54	31.7	36.2	35.8	36.2	35.2	1.94	4.57	0	882	0	0.00	
61492	54	31.7	36.2	35.7	36.5	34.8	1.94	4.57	0	889	0	0.00	
61884	54	31.7	36.2	35.6	36.5	34.8	1.94	4.57	0	892	0	0.00	
62262	54	31.7	36.8	36.0	37.2	35.2	1.94	4.57	0	862	0	0.00	
62644	54	31.7	36.8	36.0	36.8	35.2	1.94	4.57	0	868	0	0.00	
62993	54	31.7	36.8	35.8	36.8	35.2	1.94	4.57	0	846	0	0.31	
63343	54	31.7	36.8	36.0	36.5	35.2	1.94	4.57	0	838	0	0.31	
63749	54	31.7	36.8	36.2	37.2	35.8	1.94	4.57	0	843	0	0.00	
64136	53	31.7	37.5	36.2	37.5	35.5	1.75	4.57	0	826	0	0.31	
64540	53	31.7	37.5	36.5	37.5	35.2	1.75	4.57	0	817	0	0.31	
64894	53	31.7	37.5	36.3	37.5	35.2	1.75	4.57	0	777	0	0.31	
65271	53	31.8	37.8	36.5	38.2	35.5	1.75	4.57	0	779	0	0.31	
65678	53	31.8	38.2	36.5	38.2	35.2	1.75	4.57	0	780	0	0.31	
66089	53	31.8	38.5	36.5	38.5	34.8	1.75	4.57	0	845	0	0.31	
66477	53	31.8	38.5	36.7	38.5	35.2	1.56	4.57	0	842	0	0.31	
66902	53	31.9	38.8	37.1	38.8	34.8	2.12	4.57	0	925	0	0.31	
67269	53	31.9	38.8	36.8	38.8	35.5	1.94	4.57	0	964	1	0.81	
67607	53	32.0	39.5	37.5	39.5	35.2	1.75	4.57	0	973	2	1.12	
68010	53	32.1	39.5	37.6	39.8	35.2	1.44	4.57	0	1,024	3	1.62	
68349	53	32.2	40.5	37.7	40.2	34.8	1.44	4.57	0	1,022	4	1.62	
68742	52	32.3	39.8	37.7	40.5	35.2	1.44	4.57	0	1,016	4	0.56	
69127	52	32.4	40.8	38.3	40.8	35.2	1.44	4.57	0	1,007	4	0.56	
69464	52	32.6	41.2	38.2	41.5	35.5	1.44	4.57	0	984	4	0.31	
69823	52	32.7	41.8	38.1	41.8	35.5	1.44	4.57	0	969	5	0.81	
70222	52	33.0	42.5	38.8	42.2	35.2	1.56	4.57	0	1,046	5	1.62	
70632	52	33.2	42.5	39.0	42.8	35.2	1.25	4.57	0	1,111	5	1.94	
71011	52	33.5	43.2	39.3	43.5	34.8	1.25	4.57	0	1,127	6	2.19	
71375	52	33.8	43.8	39.3	43.5	34.8	1.25	4.57	0	1,138	7	2.19	
71737	52	34.2	44.2	39.7	44.5	35.5	1.44	4.57	0	1,136	8	2.19	
72163	51	34.6	44.5	39.8	44.8	35.2	1.25	4.57	0	1,133	8	2.19	
72530	51	35.1	44.8	40.2	45.2	35.2	1.06	4.57	0	1,177	9	3.25	
72889	51	35.6	45.5	40.0	45.5	35.2	1.44	4.57	0	1,247	9	3.50	
73271	51	36.3	45.8	40.5	46.2	35.5	1.56	4.57	0	1,270	10	4.06	
73626	51	37.0	46.2	40.8	46.5	34.8	1.25	4.57	0	1,232	11	4.06	
74039	51	37.8	46.8	41.0	46.8	35.2	1.44	4.57	0	1,178	11	4.06	
74461	50	38.9	47.2	41.0	47.2	35.5	1.56	4.57	0	1,256	12	4.31	
74877	50	40.0	47.5	41.1	47.8	35.2	1.56	4.57	0	1,270	12	4.88	
75285	50	41.2	48.2	41.7	48.2	35.5	1.75	4.57	0	1,371	13	4.62	
75654	50	42.6	48.5	41.8	48.8	35.5	1.44	4.57	0	1,354	14	4.31	
76011	50	43.8	48.8	42.1	49.2	35.2	1.56	4.57	0	1,314	15	4.88	
76381	50	45.4	49.5	42.3	49.5	35.2	1.75	4.57	0	1,330	15	4.62	
76784	49	47.2	49.8	42.5	49.8	35.2	1.44	4.57	0	1,290	16	5.12	
77190	49	49.1	50.5	42.5	50.5	35.5	1.56	4.57	0	1,335	17	3.50	
77619	49	51.2	50.8	43.0	50.5	35.2	1.44	4.57	0	1,310	17	1.62	
77978	49	52.7	51.2	43.1	51.2	35.5	1.25	4.57	0	1,265	16	1.12	
78405	49	54.3	52.2	43.5	51.8	35.5	1.56	4.57	0	1,268	16	1.12	
78797	49	55.9	51.8	43.8	52.2	35.5	1.44	4.57	0	1,249	16	0.81	
79184	49	57.2	52.5	44.0	52.5	35.5	1.25	4.57	0	1,212	15	0.56	
79566	49	58.7	52.5	44.0	53.2	35.5	1.25	4.57	0	1,157	15	0.31	
79973	49	60.1	53.2	44.5	53.2	35.5	1.06	4.57	0	1,139	14	0.31	
80375	49	61.4	53.5	44.5	53.5	35.5	1.06	4.57	0	1,106	14	0.31	
80790	49	62.7	53.8	44.5	54.2	35.5	1.44	4.57	0	1,140	14	1.12	
81157	49	63.9	53.8	44.8	54.2	35.5	1.44	4.57	0	1,122	14	1.38	
81560	49	65.4	54.5	44.8	54.8	35.5	1.25	4.57	0	1,140	14	1.38	
81966	49	67.1	55.2	45.3	54.8	35.5	1.44	4.57	0	1,122	14	1.38	
82315	49	68.4	55.2	45.1	55.2	35.8	1.25	4.57	0	1,167	14	1.62	
82655	50	69.8	55.5	45.3	55.5	35.5	1.44	4.57	0	1,135	15	2.19	
82995	50	71.1	55.5	45.6	55.5	35.8	1.25	4.57	0	1,139	15	1.94	
83349	50	72.6	55.8	46.0	55.8	35.5	1.25	4.57	0	1,157	15	1.94	
83741	49	74.3	56.2	45.8	55.8	35.8	1.44	4.57	0	1,138	15	1.94	
84136	49	76.0	56.5	45.8	56.2	35.8	1.56	4.57	0	1,136	15	2.44	
84484	49	77.5	56.5	46.0	56.5	35.8	1.25	4.57	0	1,105	14	0.81	
84841	49	78.9	56.8	46.3	56.8	35.8	1.25	4.57	0	1,058	14	0.31	
85188	49	80.3	56.8	46.1	57.2	36.2	1.44	4.57	0	1,082	14	0.56	
85605	49	81.8	57.2	46.5	57.2	35.8	1.25	4.57	0	1,077	14	0.56	
86006	49	83.4	57.5	46.7	57.5	36.2	1.25	4.57	0	1,046	13	0.31	
86356	49	84.4	57.5	46.8	57.5	36.2	1.44	4.57	0	1,014	13	0.31	
86746	49	85.8	58.2	47.0	57.8	35.8	1.44	4.57	0	1,000	13	0.00	
87117	49	87.1	57.8	46.8	57.8	35.8	1.44	4.57	0	1,003	13	0.31	
87520	49	88.4	58.2	47.0	58.5	36.5	1.56	4.57	0	985	13	0.31	
87874	49	89.2	58.5	47.3	58.5	36.5	1.56	4.57	0	969	12	0.31	
88282	49	90.5	58.5	47.5	58.5	36.2	1.56	4.57	0	963	12	0.31	
88662	49	91.8	58.8	47.5	59.2	36.2	1.56	4.57	0	946	12	0.31	
89024	49	92.9	59.2	47.5	59.2	36.2	1.56	4.57	0	951	12	0.31	
89438	49	94.1	59.5	47.7	59.2	36.2	1.56	4.57	0	953	12	0.31	
89781	49	95.1	59.5	47.8	59.2	36.2	1.56	4.57	0	939	12	0.31	
90117	49	96.2	59.8	48.0	59.8	36.5	1.56	4.57	0	939	12	0.31	
90533	49	97.4	59.5	48.0	59.5	36.5	1.56	4.57	0	973	12	0.31	
90918	50	98.6	59.5	48.1	59.8	36.5	1.56	4.57	0	1,240	12	1.62	
91306	50	99.8	60.2	48.3	59.8	36.5	1.44	4.57	0	1,120	12	1.12	
91672	50	101.1	60.2	48.2	60.5	36.2	1.44	4.57	0	1,094	12	1.12	
92062	50	102.2	59.8	48.5	60.2	36.5	1.44	4.57	0	1,145	13	1.62	
92418	50	103.6	60.8	48.6	60.5	36.5	1.56	4.57	0	1,312	13	2.44	
92817	50	105.1	61.2	48.5	60.8	36.5	1.44	4.57	0	1,243	13	3.25	
93070	50	106.5	60.5	48.5	60.5	36.8	1.44	4.57	0	1,199	14	3.25	
93449	49	107.9	61.2	48.8	60.8	36.5	1.25	4.57	0	1,148	14	3.25	
93853	49	109.9	61.2	49.1	61.2	36.8	1.44	4.57	0	1,305	14	4.88	
94229	49	111.5	60.8	49.0	60.8	36.5	1.44	4.57	0	1,285	15	4.62	
94593	49	113.2	61.5	49.1	61.2	36.5	1.44	4.57	0	1,258	15	4.31	
94965	49	115.1	61.5	49.1	61.5	36.8	1.44	4.57	0	1,266	16	4.06	
95344	49	116.9	61.5	49.3	61.8	36.8	1.56	4.57	0	1,270	16	3.50	
95753	49	118.9	62.2	49.3	62.2	37.2	1.56	4.57	0	1,288	16	3.25	
96139	49	120.9	61.8	49.7	62.2	37.2	1.94	4.57	0	1,304	17	3.81	
96516	48	122.9	62.5	49.5	62.2	37.2	1.44	4.57	0	1,301	17	1.12	
96877	48	124.4	62.5	49.6	62.5	37.2	1.44	4.57	0	1,264	17	1.12	
97261	48	126.2	62.5	49.8	62.8	37.2	1.44	4.57	0	1,232	16	0.81	
97647	48	127.6	62.8	49.8	62.8	37.2	1.25	4.57	0	1,276	16	0.56	
98032	48	129.1	62.8	50.0	62.8	37.2	0.88	4.57	0	1,220	16	0.56	
98379	48	130.3	63.2	50.0	63.2	37.5	1.06	4.57	0	1,199	15	0.56	
98791	48	131.7	63.2	50.3	63.2	37.2	1.44	4.57	0	1,164	14	0.56	
99155	48	133.0	63.5	50.5	63.5	37.8	1.44	4.57	0	1,106	14	0.31	
99581	48	134.3	63.5	50.6	63.5	37.5	1.25	4.57	0	1,077	14	0.31	
100009	48	135.6	63.8	50.6	63.8	37.5	1.25	4.57	0	1,029	13	0.31	
100384	48	136.6	63.8	50.8	63.5	37.8	1.44	4.57	0	978	13	0.00	
100813	49	137.8	63.8	50.8	63.8	37.8	1.44	4.57	0	962	12	0.00	
101229	49	139.1	64.2	51.2	63.8	38.2	1.56	4.57	0	941	12	0.31	
101584	49	140.1	64.2	51.0	64.5	38.2	1.44	4.57	0	950	12	0.31	
101943	49	141.1	64.5	51.0	64.5	37.5	1.56	4.57	0	942	12	0.31	
102362	49	142.3	64.5	51.1	64.2	38.2	1.56	4.57	0	936	12	0.31	
102790	49	143.5	64.8	51.5	64.8	38.2	1.75	4.57	0	920	11	0.31	
103144	49	144.4	64.8	51.5	64.8	38.2	1.75	4.57	0	945	11	0.31	
103556	49	145.6	64.5	51.7	64.8	38.2	1.56	4.57	0	939	11	0.31	
103967	49	146.9	65.5	51.6	65.2	38.2	1.75	4.57	0	939	11	0.31	
104357	49	147.9	65.2	51.7	65.5	37.8	1.56	4.57	0	955	11	0.31	
104755	49	149.0	65.5	51.8	65.2	38.5	1.56	4.57	0	965	11	0.31	
105127	49	150.1	65.5	52.0	65.5	38.5	1.56	4.57	0	944	11	0.31	
105502	49	151.1	65.8	52.5	65.8	38.5	1.56	4.57	0	960	11	0.31	
105910	49	152.3	66.5	52.5	66.2	38.2	1.56	4.57	0	957	11	0.00	
106338	49	153.5	66.5	52.5	66.2	38.5	1.56	4.57	0	948	11	0.31	
106707	49	154.6	66.5	52.5	66.2	38.5	1.56	4.57	0	956	11	0.31	
107077	49	155.5	66.8	52.8	66.5	38.8	1.56	4.57	0	958	11	0.00	
107491	49	156.6	67.2	52.8	67.2	38.8	1.75	4.57	0	964	11	0.00	
107923	49	157.8	67.2	52.6	66.8	38.5	1.56	4.57	0	963	11	0.31	
108280	49	158.8	67.2	53.0	67.2	39.2	1.56	4.57	0	962	11	0.31	
108702	49	159.9	67.5	53.1	67.5	39.2	1.56	4.57	0	961	11	0.31	
109070	49	160.9	67.5	53.3	67.5	39.2	1.56	4.57	0	962	11	0.31	
109472	49	162.0	67.8	53.3	67.8	39.2	1.56	4.57	0	950	11	0.31	
109872	49	162.9	68.2	53.3	68.2	39.5	1.56	4.57	0	1,063	11	0.81	
110241	49	164.0	68.2	54.0	68.2	39.2	1.44	4.57	0	1,152	11	1.12	
110618	49	165.1	68.2	53.7	68.2	39.2	1.44	4.57	0	1,145	11	1.12	
110979	49	166.1	68.5	53.8	68.5	39.2	1.44	4.57	0	1,088	11	0.81	
111326	49	167.2	68.8	53.8	68.8	39.5	1.44	4.57	0	1,130	11	1.38	
111737	49	168.4	68.5	54.1	68.8	39.5	1.44	4.57	0	1,109	11	1.38	
112103	49	169.5	69.2	54.5	69.2	39.8	1.56	4.57	0	1,144	12	1.38	
112488	49	170.8	68.8	54.5	69.2	39.5	1.25	4.57	0	1,135	12	1.62	
112920	49	172.3	69.5	54.0	69.5	39.5	1.25	4.57	0	1,178	12	1.94	
113314	49	173.7	69.8	54.8	69.8	39.8	1.56	4.57	0	1,228	13	2.44	
113716	49	175.2	69.8	54.8	69.8	39.8	1.25	4.57	0	1,143	13	2.19	
114141	49	176.6	69.8	54.8	70.2	40.2	1.25	4.57	0	1,058	13	0.56	
114549	48	177.9	70.2	55.2	70.2	40.2	1.44	4.57	0	1,001	13	0.56	
114916	48	179.2	70.8	55.3	70.5	40.5	1.56	4.57	0	995	13	0.56	
115266	48	180.3	70.5	55.3	70.8	40.2	1.56	4.57	0	1,017	13	0.31	
115659	48	181.4	70.8	55.6	70.8	40.5	1.44	4.57	0	986	12	0.31	
116021	48	182.7	70.8	55.8	71.2	40.5	1.56	4.57	0	959	12	0.31	
116462	48	183.9	71.2	55.8	71.2	40.5	1.75	4.57	0	937	11	0.31	
116814	48	185.1	71.2	55.8	71.2	40.5	1.75	4.57	0	909	11	0.00	
117166	48	186.1	71.5	56.1	71.5	40.8	1.56	4.57	0	979	10	0.31	
117530	48	187.2	71.5	56.1	71.5	40.8	1.44	4.57	0	1,052	11	0.81	
117974	48	188.6	71.8	56.3	71.8	40.8	1.44	4.57	0	983	11	0.00	
118381	48	189.7	72.2	56.5	72.2	40.8	1.56	4.57	0	972	11	0.31	
118810	48	191.1	72.5	56.3	72.5	40.5	1.44	4.57	0	1,111	11	0.81	
119224	48	192.3	72.5	56.8	72.5	40.8	1.44	4.57	0	1,126	11	1.12	
119591	48	193.5	72.8	56.8	73.2	41.5	1.25	4.57	0	1,182	11	1.94	
119962	48	194.9	72.8	57.2	72.8	40.8	1.75	4.57	0	1,333	11	3.81	
120370	48	196.6	73.2	57.2	73.2	41.2	2.62	4.57	0	1,452	12	3.81	
120774	48	198.6	73.2	57.3	73.2	41.5	3.81	4.57	0	1,556	12	3.50	
121196	48	201.1	74.2	57.6	74.2	41.5	4.69	4.57	0	1,549	12	5.69	
121621	47	204.4	73.8	57.3	73.8	41.2	4.56	4.57	0	1,567	13	5.44	
121990	47	207.3	74.2	57.7	73.8	41.5	4.19	4.57	0	1,564	13	4.88	
122405	46	211.4	74.5	58.0	74.2	41.5	4.19	4.57	0	1,573	13	4.06	
122769	46	214.7	74.5	58.1	75.2	41.5	4.19	4.57	0	1,618	13	3.81	
123122	46	218.3	75.2	58.1	75.2	41.5	4.88	4.57	0	1,679	13	3.50	
123483	45	222.0	75.5	58.6	75.8	41.8	4.38	4.57	0	1,634	14	3.50	
123902	45	227.1	75.8	58.6	75.8	41.8	4.19	4.57	0	1,643	14	3.25	
124313	45	231.7	76.5	59.1	77.2	41.5	4.88	4.57	0	1,638	14	3.81	
124740	45	236.8	77.2	59.7	76.8	41.8	4.19	4.57	0	1,570	14	4.06	
125143	44	241.8	77.8	59.6	78.2	41.8	4.38	4.57	0	1,693	15	2.75	
125558	44	246.9	78.2	60.2	78.5	41.8	3.81	4.57	0	1,616	15	2.75	
125922	44	252.1	79.2	60.7	78.5	42.2	3.69	4.57	0	1,623	15	2.75	
126266	44	256.6	79.5	60.8	79.5	42.2	3.50	4.57	0	1,676	15	2.44	
126685	44	261.6	80.2	61.2	80.5	42.2	2.62	4.57	0	1,567	15	1.94	
127055	44	266.5	80.5	61.5	81.2	42.8	2.25	4.57	0	1,543	14	1.62	
127474	44	271.1	81.8	62.0	81.8	42.5	2.12	4.57	0	1,484	14	1.94	
127883	44	275.7	82.5	62.3	82.5	42.5	2.12	4.57	0	1,450	14	1.94	
128229	44	279.5	83.5	63.0	84.2	42.8	1.94	4.57	0	1,440	14	1.94	
128601	44	283.1	83.8	63.1	84.2	42.8	1.56	4.57	0	1,252	13	1.12	
128973	44	286.6	84.8	63.6	85.2	42.5	1.56	4.57	0	1,070	12	0.56	
129319	44	289.4	85.5	64.1	85.8	43.2	1.25	4.57	0	1,045	12	0.56	
129724	44	292.3	86.5	64.5	86.8	42.5	1.44	4.57	0	941	12	0.31	
130079	44	294.7	87.2	64.8	87.5	43.2	1.56	4.57	0	924	11	0.00	
130453	44	296.9	88.2	65.7	88.2	43.2	1.56	4.57	0	915	11	0.31	
130816	44	299.5	88.5	66.0	88.5	43.2	1.56	4.57	0	1,015	11	0.56	
131198	45	301.8	89.2	66.3	89.5	43.2	1.44	4.57	0	1,125	11	0.56	
131606	45	304.3	89.8	66.5	90.2	43.5	1.44	4.57	0	1,151	12	0.81	
131968	45	306.7	90.8	66.8	90.8	43.5	1.44	4.57	0	1,206	12	1.12	
132351	45	308.8	91.5	67.2	91.5	43.5	1.56	4.57	0	1,225	13	0.81	
132748	45	311.1	92.2	67.8	92.2	43.5	1.44	4.57	0	1,255	13	0.81	
133091	46	313.1	92.8	68.1	93.2	43.5	1.56	4.57	0	1,235	14	1.12	
133467	46	315.2	93.5	68.5	93.5	43.5	1.56	4.57	0	1,230	14	0.81	
133829	46	317.1	94.2	68.8	94.2	43.8	1.44	4.57	0	1,227	15	0.81	
134231	46	319.2	94.8	69.5	94.8	43.8	1.25	4.57	0	1,218	15	1.12	
134657	46	321.2	95.5	70.0	95.5	43.8	1.44	4.57	0	1,211	16	1.12	
135025	46	323.1	96.2	69.8	96.2	43.8	1.44	4.57	0	1,258	16	0.81	
135415	46	324.7	97.2	70.5	97.2	44.5	1.44	4.57	0	1,266	16	1.12	
135821	46	326.7	97.8	70.8	97.8	44.2	1.56	4.57	0	1,291	16	0.81	
136199	46	328.3	98.2	71.3	98.5	44.2	1.56	4.57	0	1,324	17	0.81	
136619	46	330.2	98.8	71.3	98.8	44.2	1.56	4.57	0	1,363	17	0.81	
137025	46	331.9	99.2	71.8	99.5	44.5	1.75	4.57	0	1,382	17	0.81	
137405	46	333.4	100.2	72.3	100.2	44.5	1.56	4.57	0	1,386	18	0.81	
137821	46	335.2	100.8	72.5	100.8	44.5	1.56	4.57	0	1,410	18	0.81	
138225	46	336.8	101.8	73.0	101.5	44.8	1.75	4.57	0	1,431	18	0.81	
138651	46	338.3	102.5	73.5	102.5	45.2	1.75	4.57	0	1,455	19	0.81	
139093	46	339.9	103.5	74.0	103.2	45.5	1.75	4.57	0	1,494	19	0.56	
139485	46	341.5	103.8	74.3	103.8	44.8	1.75	4.57	0	1,506	19	0.81	
139881	46	343.0	104.5	74.8	104.5	45.2	1.75	4.57	0	1,530	19	0.56	
140302	46	344.5	105.5	75.3	105.5	45.2	1.75	4.57	0	1,544	20	0.56	
140677	46	345.8	106.2	75.7	106.2	44.8	1.75	4.57	0	1,566	20	0.56	
141034	46	347.0	107.2	75.8	107.2	45.8	1.94	4.57	0	1,584	20	0.56	
141404	46	348.2	107.5	76.5	107.8	45.5	1.94	4.57	0	1,603	20	0.56	
141811	46	349.5	108.2	76.8	108.2	45.5	1.94	4.57	0	1,629	21	0.81	
142176	46	350.9	108.8	77.0	109.2	45.2	2.12	4.57	0	1,671	21	0.81	
142556	46	352.3	109.8	77.3	109.5	45.5	2.44	4.57	0	1,735	22	1.12	
142918	46	353.4	110.2	78.0	110.5	45.5	2.81	4.57	0	1,802	23	1.62	
143298	46	355.0	110.8	78.3	111.2	45.5	2.81	4.57	0	1,920	25	2.19	
143671	46	356.4	112.2	79.0	112.5	45.8	2.81	4.57	0	2,001	26	1.94	
144081	46	358.3	113.2	79.3	113.2	45.8	2.62	4.57	0	2,082	27	1.94	
144456	46	359.7	113.8	79.6	114.5	45.8	2.81	4.57	0	2,101	27	3.00	
144856	45	361.3	114.5	80.3	114.8	46.2	3.12	4.57	0	1,622	28	1.62	
145241	45	362.9	115.8	81.1	115.8	46.5	2.44	4.57	0	1,541	29	2.19	
145686	45	364.8	116.8	81.3	116.8	46.5	2.62	4.57	0	1,584	30	2.44	
146118	45	366.7	118.2	82.5	118.5	46.5	3.12	4.57	0	1,597	31	2.44	
146524	45	368.5	119.5	82.8	119.5	46.8	3.31	4.57	0	1,618	32	2.75	
146878	45	370.1	120.5	83.6	120.8	46.8	3.69	4.57	0	1,583	33	2.75	
147282	45	372.0	121.8	84.1	122.2	46.8	1.75	4.57	0	1,260	34	4.88	
147681	45	373.9	123.5	85.1	123.5	47.5	1.75	4.57	0	1,269	35	5.69	
148088	45	375.8	124.8	85.6	124.8	47.2	2.12	4.57	0	1,295	36	6.50	
148481	44	377.7	126.2	86.5	126.5	46.8	2.12	4.57	0	1,308	37	6.50	
148868	44	379.7	127.5	86.8	127.5	46.8	1.25	4.57	0	1,304	37	3.81	
149284	44	381.3	128.8	87.8	129.2	47.5	1.06	4.57	0	1,289	37	1.12	
149651	44	382.5	130.5	88.8	130.5	47.5	1.06	4.57	0	1,258	37	0.81	
150088	44	384.0	132.2	89.7	132.2	47.2	0.88	4.57	0	1,231	37	0.81	
150442	44	385.1	133.2	90.1	133.5	47.5	1.44	4.57	0	1,233	36	0.00	
150807	44	386.1	134.8	91.1	134.8	47.5	0.38	4.57	0	1,218	36	0.81	
151198	44	387.2	136.5	91.8	136.5	47.8	0.56	4.57	0	1,203	35	0.56	
151544	44	388.1	137.2	92.6	137.2	47.2	0.38	4.57	0	1,187	35	0.81	
151905	44	389.0	138.2	93.0	138.8	47.5	0.38	4.57	0	1,172	35	0.81	
152283	44	389.9	139.8	93.6	139.8	47.8	0.56	4.57	0	1,157	34	0.56	
152696	45	390.9	140.8	94.3	141.2	47.5	0.56	4.57	0	1,143	34	0.56	
153090	45	391.8	141.5	94.5	141.8	48.2	0.56	4.57	0	1,124	33	0.31	
153433	45	392.5	142.5	95.1	142.5	48.2	0.69	4.57	0	1,117	33	0.31	
153812	45	393.3	143.5	95.7	143.5	48.2	0.69	4.57	0	1,105	32	0.31	
154230	45	394.1	144.2	96.1	144.2	48.5	0.69	4.57	0	1,093	32	0.31	
154614	45	394.9	144.5	96.8	144.8	48.5	0.88	4.57	0	1,060	31	0.00	
154998	45	395.5	145.2	97.0	145.5	48.5	1.06	4.57	0	998	29	0.31	
155399	45	396.2	145.5	97.1	145.8	48.8	3.00	4.57	0	942	27	0.31	
155765	46	396.9	146.2	97.1	146.5	48.8	1.44	4.57	0	937	25	0.00	
156128	46	397.4	147.2	97.8	146.8	48.5	1.56	4.57	0	901	24	0.00	
156472	46	398.0	147.2	97.8	147.5	48.5	1.56	4.57	0	845	23	0.00	
156849	46	398.5	147.5	98.1	147.5	48.8	1.56	4.57	0	897	22	0.31	
157279	46	399.1	148.5	98.5	147.8	48.8	1.44	4.57	0	1,006	20	0.56	
157637	46	399.6	148.5	98.7	148.5	48.8	1.44	4.57	0	994	19	0.31	
157994	46	400.1	148.2	98.8	148.5	48.8	1.44	4.57	0	969	19	0.00	
158382	46	400.6	149.2	99.2	149.2	48.8	1.44	4.57	0	976	19	0.00	
158764	46	401.0	149.5	99.3	149.5	49.5	1.44	4.57	0	967	19	0.31	
159160	46	401.5	149.8	99.5	149.8	49.5	1.44	4.57	0	970	19	0.31	
159573	46	402.0	150.2	99.5	150.5	49.8	1.44	4.57	0	971	19	0.31	
159921	46	402.4	150.5	100.0	150.2	49.5	1.56	4.57	0	998	19	0.31	
160345	47	402.8	150.8	100.1	151.2	49.8	1.44	4.57	0	1,203	18	0.81	
160694	47	403.2	151.5	100.5	151.5	49.5	1.25	4.57	0	1,325	18	1.12	
161093	47	403.6	152.2	101.0	152.2	49.8	1.56	4.57	0	1,402	18	0.81	
161507	47	404.1	152.5	101.1	152.5	49.8	1.56	4.57	0	1,432	18	1.12	
161919	47	404.5	152.8	101.7	152.8	49.8	1.75	4.57	0	1,508	18	1.12	
162269	47	404.9	153.5	101.5	153.5	49.8	1.94	4.57	0	1,577	19	0.81	
162687	47	405.4	153.8	102.2	154.2	49.8	1.75	4.57	0	1,570	19	0.81	
163032	47	405.7	154.5	102.3	154.8	49.8	1.75	4.57	0	1,596	20	0.56	
163420	47	406.2	155.8	103.0	155.8	50.2	1.94	4.57	0	1,647	21	0.81	
163776	47	406.5	155.8	103.3	156.5	50.5	1.94	4.57	0	1,700	21	0.81	
164120	47	406.9	156.8	103.5	156.8	50.2	1.94	4.57	0	1,753	21	0.81	
164485	47	407.3	157.5	103.8	157.8	50.5	1.94	4.57	0	1,706	22	0.31	
164829	47	407.6	158.2	104.1	158.5	50.5	2.12	4.57	0	1,750	22	0.56	
165213	46	408.0	159.2	104.8	159.2	50.5	2.12	4.57	0	1,772	23	1.38	
165602	46	408.4	160.5	105.3	160.5	50.8	2.62	4.57	0	1,848	24	1.62	
165995	46	408.7	161.2	106.1	161.2	50.8	3.00	4.57	0	1,947	25	2.44	
166409	46	409.2	162.2	106.8	162.5	50.8	3.50	4.57	0	2,020	26	3.50	
166749	46	409.6	163.2	107.0	163.8	50.5	3.31	4.57	0	1,703	27	1.62	
167106	46	410.1	164.5	107.8	164.5	51.5	3.00	4.57	0	1,547	28	3.00	
167458	46	410.5	165.5	108.2	165.8	51.5	3.12	4.57	0	1,545	29	3.50	
167725	45	411.0	167.2	109.2	167.5	51.2	3.31	4.57	0	1,571	30	3.50	
168078	45	411.3	168.2	109.8	168.5	51.2	3.50	4.57	0	1,608	31	3.50	
168453	45	411.9	169.5	110.2	169.5	51.5	4.00	4.57	0	1,615	32	4.06	
168866	45	412.6	171.5	111.3	171.5	51.2	4.38	4.57	0	1,653	33	3.50	
169220	45	413.4	172.8	112.0	173.2	51.5	4.69	4.57	0	1,491	34	6.50	
169579	45	414.1	174.8	112.8	174.8	51.8	3.12	4.57	0	1,342	35	7.56	
169975	44	414.9	176.5	113.8	176.5	51.8	3.00	4.57	0	1,306	36	7.88	
170330	44	415.9	178.5	114.6	178.8	51.8	3.00	4.57	0	1,303	37	8.12	
170633	44	417.1	180.5	116.2	180.8	51.8	3.50	4.57	0	1,330	38	8.38	
171008	44	418.5	182.5	117.1	182.8	52.2	3.69	4.57	0	1,373	39	8.94	
171440	43	420.6	184.8	118.3	185.5	51.8	3.81	4.57	0	1,388	41	8.69	
171814	43	422.5	187.5	119.3	187.5	52.5	1.25	4.57	0	1,371	41	2.44	
172226	43	424.0	189.2	120.6	189.5	52.5	0.38	4.57	0	1,363	41	0.00	
172650	42	425.3	192.2	122.0	192.2	52.5	1.56	4.57	0	981	40	0.00	
173050	42	426.4	194.5	123.0	194.5	52.5	1.25	4.57	0	1,002	40	0.31	
173482	42	427.7	196.2	124.3	196.5	52.5	1.44	4.57	0	1,038	40	0.31	
173881	43	428.7	198.5	125.5	199.2	53.2	1.44	4.57	0	1,019	39	0.31	
174268	43	429.6	200.5	126.1	200.5	52.5	1.44	4.57	0	997	39	0.31	
174645	43	430.4	202.5	127.3	202.8	52.8	1.44	4.57	0	990	39	0.00	
175052	43	431.3	204.2	128.1	204.5	52.8	1.44	4.57	0	980	38	0.00	
175407	43	432.0	205.5	129.1	205.8	52.8	1.25	4.57	0	971	38	0.00	
175793	43	432.7	206.8	129.8	207.2	53.2	1.25	4.57	0	977	37	0.00	
176210	44	433.5	208.8	130.8	208.8	53.2	1.44	4.57	0	955	37	0.00	
176567	44	434.1	209.8	131.3	209.8	53.5	1.44	4.57	0	950	36	0.00	
176927	44	434.6	210.8	131.8	211.2	53.5	1.06	4.57	0	1,023	36	0.00	
177324	44	435.2	212.2	132.6	211.8	53.2	0.88	4.57	0	1,198	35	0.56	
177724	44	435.8	212.8	133.1	212.8	53.5	0.56	4.57	0	1,156	34	0.31	
178074	44	436.3	214.2	133.5	214.2	53.8	0.38	4.57	0	1,121	33	0.31	
178496	44	436.9	214.8	134.3	215.2	53.8	0.56	4.57	0	1,080	32	0.00	
178866	45	437.4	215.5	134.6	215.5	53.8	0.88	4.57	0	1,035	31	0.00	
179218	45	437.9	216.2	135.0	215.8	54.2	0.69	4.57	0	1,126	30	0.31	
179646	45	438.4	216.8	135.3	217.2	54.2	0.38	4.57	0	1,228	30	0.81	
180034	45	439.0	216.8	135.7	217.2	54.5	0.56	4.57	0	1,304	29	0.81	
180469	45	439.6	217.5	136.1	217.8	54.5	0.69	4.57	0	1,383	28	0.56	
180888	45	440.1	217.8	136.3	217.8	54.2	0.88	4.57	0	1,388	28	0.81	
181245	45	440.6	218.5	136.6	218.2	54.5	0.69	4.57	0	1,378	27	0.81	
181638	45	441.1	218.2	136.5	218.5	54.8	0.69	4.57	0	1,350	27	0.81	
182050	45	441.6	218.8	136.6	218.8	55.2	0.56	4.57	0	1,316	26	0.81	
182424	46	442.1	218.8	136.8	218.5	55.2	0.38	4.57	0	1,285	26	0.81	
182817	46	442.6	219.2	137.0	219.2	54.8	0.38	4.57	0	1,265	25	0.81	
183240	46	443.0	219.2	137.2	219.2	55.2	0.38	4.57	0	1,231	25	0.81	
183606	46	443.5	219.2	137.2	219.2	55.2	0.38	4.57	0	1,201	24	0.56	
183969	46	443.9	219.2	137.2	219.2	55.2	0.38	4.57	0	1,188	24	0.56	
184371	46	444.3	219.2	137.6	219.2	55.2	0.38	4.57	0	1,158	23	0.31	
184738	46	444.7	219.2	137.3	219.2	55.5	0.38	4.57	0	1,139	23	0.31	
185093	46	445.0	219.5	137.3	219.2	56.2	0.56	4.57	0	1,109	22	0.31	
185471	46	445.4	219.2	137.5	219.2	55.8	0.69	4.57	0	1,085	22	0.31	
185886	46	445.8	219.2	137.7	219.2	56.5	0.69	4.57	0	1,021	21	0.00	
186311	46	446.2	219.2	137.3	219.2	56.2	0.88	4.57	0	827	21	0.00	
186724	47	446.5	218.8	137.5	218.8	56.2	1.56	4.57	0	939	21	0.31	
187154	47	446.9	218.5	137.6	218.5	55.8	1.44	4.57	0	1,035	21	0.31	
187575	47	447.2	218.5	137.5	218.5	56.5	1.44	4.57	0	966	21	0.00	
187974	47	447.5	218.5	137.5	218.5	56.5	1.44	4.57	0	982	20	0.31	
188376	47	447.8	218.5	137.5	218.5	56.5	1.44	4.57	0	982	18	0.00	
188722	47	448.0	218.5	137.5	218.5	56.8	1.56	4.57	0	959	17	0.31	
189114	47	448.2	218.5	137.6	218.5	56.8	1.44	4.57	0	956	17	0.00	
189495	47	448.4	218.5	137.8	218.5	56.8	1.44	4.57	0	963	17	0.31	
189890	47	448.6	218.5	137.8	218.8	56.8	1.44	4.57	0	955	17	0.31	
190259	47	448.8	218.5	137.8	218.5	57.2	1.44	4.57	0	958	17	0.31	
190618	47	448.9	218.8	138.0	219.2	57.5	1.44	4.57	0	953	17	0.00	
191006	47	449.1	218.8	138.0	218.8	57.5	1.44	4.57	0	943	16	0.31	
191362	47	449.2	218.8	138.3	219.2	57.2	1.44	4.57	0	942	16	0.00	
191741	47	449.4	219.2	138.5	219.2	57.5	1.44	4.57	0	941	16	0.31	
192093	47	449.5	219.5	138.8	219.8	57.8	1.56	4.57	0	940	16	0.00	
192491	47	449.6	219.8	138.5	219.8	57.5	1.56	4.57	0	941	16	0.31	
192916	47	449.7	220.5	139.0	220.5	58.2	1.44	4.57	0	936	15	0.31	
193293	47	449.8	220.8	139.1	220.8	58.2	1.44	4.57	0	943	15	0.31	
193649	47	449.9	221.2	139.3	221.2	57.8	1.56	4.57	0	942	14	0.31	
194024	47	450.0	221.2	139.8	221.2	58.2	1.44	4.57	0	945	13	0.31	
194378	47	450.0	221.5	139.8	221.5	58.5	1.44	4.57	0	946	14	0.31	
194785	47	450.1	221.8	140.0	221.8	57.8	1.44	4.57	0	942	14	0.31	
195144	47	450.1	222.5	140.6	222.5	58.5	1.44	4.57	0	932	13	0.00	
195572	47	450.2	223.2	140.5	223.2	58.8	1.56	4.57	0	937	14	0.00	
195940	47	450.2	223.5	141.0	223.5	58.5	1.44	4.57	0	952	14	0.31	
196352	47	450.2	223.8	141.1	223.8	58.5	1.44	4.57	0	979	15	0.31	
196799	47	450.2	224.2	141.8	224.5	59.2	1.44	4.57	0	980	17	0.31	
197158	47	450.3	224.8	141.8	224.5	59.2	1.25	4.57	0	970	18	0.00	
197508	48	450.3	225.2	142.0	225.5	59.5	1.44	4.57	0	979	19	0.31	
197924	48	450.3	225.5	142.3	225.5	59.2	1.44	4.57	0	982	20	0.31	
198311	48	450.2	226.5	142.6	226.5	59.8	1.44	4.57	0	979	19	0.00	
198732	48	450.2	226.8	143.1	226.5	59.8	1.56	4.57	0	977	19	0.00	
199083	48	450.2	226.8	143.3	226.8	59.8	1.44	4.57	0	943	19	0.31	
199463	48	450.2	227.8	143.6	227.8	59.8	1.44	4.57	0	945	18	0.31	
199817	48	450.1	227.8	143.8	228.2	59.8	1.44	4.57	0	928	17	0.00	
200228	48	450.1	228.5	144.1	228.8	60.2	1.56	4.57	0	941	16	0.31	
200619	48	450.1	229.2	144.7	229.2	60.2	1.44	4.57	0	948	15	0.31	
201045	48	450.0	229.8	145.0	229.8	60.2	1.44	4.57	0	954	15	0.31	
201445	48	449.9	230.2	145.2	230.2	60.2	1.44	4.57	0	950	15	0.31	
201851	48	449.9	230.8	145.5	230.5	60.5	1.56	4.57	0	941	14	0.31	
202253	48	449.8	231.5	146.0	231.2	60.5	1.56	4.57	0	938	13	0.31	
202659	48	449.7	231.8	146.1	231.5	60.5	1.56	4.57	0	928	13	0.31	
203055	48	449.7	232.2	146.5	232.5	60.8	1.44	4.57	0	933	13	0.00	
203422	48	449.6	232.8	146.6	232.8	60.8	1.56	4.57	0	954	14	0.31	
203805	48	449.5	233.5	147.0	233.5	60.8	1.44	4.57	0	967	13	0.31	
204226	48	449.4	233.8	147.5	233.8	60.8	1.44	4.57	0	987	15	0.31	
204591	48	449.3	234.2	147.8	234.2	61.2	1.44	4.57	0	986	15	0.56	
204996	48	449.2	234.8	147.8	234.8	61.2	1.44	4.57	0	966	15	0.31	
205399	48	449.1	235.8	148.3	235.5	61.5	1.44	4.57	0	966	14	0.31	
205808	48	448.9	236.2	148.8	236.2	61.5	1.44	4.57	0	970	14	0.31	
206227	48	448.8	236.2	149.1	236.5	61.2	1.44	4.57	0	954	14	0.31	
206653	48	448.7	237.2	149.6	237.5	61.8	1.44	4.57	0	956	14	0.31	
207022	48	448.5	237.5	149.8	237.5	61.8	1.56	4.57	0	943	14	0.31	
207447	48	448.4	238.5	150.0	238.5	61.8	1.44	4.57	0	953	14	0.31	
207841	48	448.3	238.8	150.3	238.5	62.2	1.44	4.57	0	949	14	0.31	
208200	48	448.1	239.5	151.0	239.5	62.2	1.44	4.57	0	944	13	0.31	
208592	48	448.0	239.8	151.1	239.8	62.2	1.56	4.57	0	942	13	0.00	
208982	48	447.8	240.8	151.5	240.8	62.2	1.56	4.57	0	935	13	0.31	
209357	48	447.7	241.2	151.6	241.2	62.5	1.56	4.57	0	924	12	0.31	
209766	48	447.6	241.5	152.3	241.8	62.5	1.56	4.57	0	902	11	0.31	
210145	48	447.4	242.2	152.1	242.2	62.5	1.56	4.57	0	922	11	0.31	
210536	48	447.2	242.5	152.6	242.5	62.8	1.44	4.57	0	954	11	0.31	
210926	48	447.0	243.2	153.0	243.2	62.5	1.44	4.57	0	963	11	0.31	
211321	48	446.9	243.5	153.5	243.8	62.8	1.44	4.57	0	970	10	0.31	
211724	48	446.7	244.5	153.8	244.5	63.5	1.44	4.57	0	967	10	0.31	
212103	48	446.5	244.5	154.0	245.2	63.2	1.44	4.57	0	951	10	0.31	
212505	48	446.3	245.5	154.3	245.2	63.2	1.56	4.57	0	950	10	0.00	
212953	48	446.1	246.2	154.6	246.5	63.5	1.56	4.57	0	951	10	0.31	
213348	48	445.9	246.8	155.1	246.8	63.5	1.44	4.57	0	1,001	10	0.56	
213799	48	445.6	247.5	155.6	247.5	64.2	1.44	4.57	0	1,020	10	0.56	
214170	48	445.4	248.2	156.0	248.2	63.8	1.44	4.57	0	1,011	10	0.31	
214578	48	445.2	248.5	156.1	248.5	64.2	1.44	4.57	0	1,007	10	0.31	
214983	48	445.0	248.8	156.5	249.2	64.2	1.44	4.57	0	996	10	0.31	
215343	48	444.8	249.8	156.8	249.8	64.8	1.44	4.57	0	992	10	0.31	
215721	48	444.5	250.2	157.3	250.2	64.5	1.44	4.57	0	984	10	0.31	
216109	48	444.3	251.2	157.8	251.2	64.5	1.56	4.57	0	979	10	0.31	
216453	48	444.1	251.5	158.0	251.8	64.5	1.56	4.57	0	980	10	0.00	
216831	48	443.9	252.2	158.1	252.5	64.8	1.44	4.57	0	978	10	0.31	
217227	48	443.7	252.8	158.8	252.8	64.5	1.56	4.57	0	1,001	10	0.31	
217580	48	443.4	253.2	159.0	253.5	65.2	1.56	4.57	0	1,057	10	0.56	
217989	48	443.2	253.8	159.5	254.2	65.2	1.25	4.57	0	1,129	10	0.56	
218354	48	442.9	254.5	159.7	254.5	65.2	1.44	4.57	0	1,035	10	0.56	
218740	48	442.7	254.8	160.0	254.8	65.8	1.56	4.57	0	1,087	10	0.56	
219176	48	442.4	255.8	161.0	255.5	65.2	1.25	4.57	0	1,200	10	0.81	
219581	48	442.1	256.2	160.8	256.5	65.5	1.44	4.57	0	1,200	11	0.81	
219974	48	441.7	257.2	161.1	257.2	65.5	1.56	4.57	0	1,259	11	0.81	
220353	48	441.4	257.8	161.8	257.5	65.8	1.75	4.57	0	1,313	12	1.12	
220711	48	441.1	258.5	162.0	258.8	65.8	1.75	4.57	0	1,357	12	1.12	
221053	48	440.8	259.2	162.5	259.5	65.8	1.75	4.57	0	1,383	13	1.12	
221463	48	440.3	259.8	162.5	259.8	66.2	1.75	4.57	0	1,396	14	1.12	
221847	48	439.9	260.8	163.6	261.2	66.5	1.75	4.57	0	1,399	15	1.12	
222259	47	439.4	261.5	163.8	261.8	66.5	1.75	4.57	0	1,398	16	1.38	
222676	47	438.9	262.8	164.6	262.8	66.5	1.75	4.57	0	1,392	17	1.38	
223034	47	438.5	264.2	165.1	264.2	66.8	-1.31	4.57	0	1,305	17	0.56	
223439	47	438.1	265.2	165.6	265.5	67.2	0.88	4.57	0	1,243	17	0.81	
223820	46	437.7	266.5	166.5	266.5	66.8	0.88	4.57	0	1,290	16	0.81	
224233	46	437.3	267.8	167.3	267.8	67.2	0.00	4.57	0	1,217	15	0.31	
224629	46	437.0	268.5	167.8	268.8	66.8	0.19	4.57	0	1,160	15	0.31	
224982	46	436.8	269.8	168.6	269.5	67.2	1.56	4.57	0	1,150	14	0.56	
225386	47	436.5	270.5	169.0	270.8	67.5	0.88	4.57	0	1,108	14	0.31	
225750	47	436.3	270.8	169.3	271.2	67.5	1.25	4.57	0	1,074	13	0.31	
226138	47	436.0	271.8	169.8	272.2	67.5	1.06	4.57	0	1,043	13	0.31	
226580	47	435.7	272.5	170.1	272.8	67.8	1.25	4.57	0	1,002	13	0.00	
226961	47	435.5	273.5	170.6	273.8	67.8	1.56	4.57	0	978	12	0.31	
227380	47	435.3	273.8	170.8	274.2	68.2	1.44	4.57	0	958	12	0.31	
227728	47	435.0	274.2	171.2	274.5	68.2	1.56	4.57	0	939	12	0.00	
228122	47	434.8	274.8	171.5	274.8	68.5	1.44	4.57	0	932	12	0.31	
228528	47	434.6	274.8	171.8	275.2	68.2	1.56	4.57	0	924	11	0.00	
228925	47	434.3	275.2	171.8	275.5	68.8	1.56	4.57	0	906	11	0.31	
229353	47	434.1	275.8	172.0	275.5	68.8	1.56	4.57	0	907	10	0.31	
229752	47	433.9	276.5	172.5	276.2	68.8	1.56	4.57	0	901	10	0.00	
230162	47	433.6	276.2	172.6	276.2	68.8	1.56	4.57	0	899	9	0.00	
230517	47	433.4	276.5	173.0	276.8	69.5	1.56	4.57	0	924	9	0.31	
230863	47	433.2	277.2	173.1	276.8	69.5	1.56	4.57	0	935	8	0.31	
231249	47	432.9	277.2	173.3	277.5	69.5	1.56	4.57	0	953	8	0.31	
231596	47	432.7	277.2	173.6	277.5	69.5	1.56	4.57	0	951	7	0.31	
231944	47	432.5	277.5	173.5	278.2	69.5	1.56	4.57	0	938	7	0.31	
232312	47	432.2	278.2	174.0	278.2	70.2	1.44	4.57	0	896	6	0.31	
232720	47	431.9	278.2	174.2	278.5	69.8	1.56	4.57	0	810	5	0.00	
233117	47	431.7	278.8	174.3	279.2	70.5	1.75	4.57	0	900	5	0.56	
233534	47	431.4	279.5	174.8	279.2	70.5	1.44	4.57	0	976	4	0.31	
233912	47	431.1	279.5	174.8	279.8	70.5	1.44	4.57	0	1,001	3	0.56	
234266	47	430.9	279.5	175.1	279.8	70.2	1.44	4.57	0	982	2	0.31	
234633	47	430.6	280.2	175.3	280.2	70.5	1.44	4.57	0	854	1	0.00	
234982	47	430.4	280.2	175.3	280.2	70.5	1.56	4.57	0	769	0	0.31	
235324	47	430.1	280.5	176.0	280.5	70.8	1.75	4.57	0	864	0	0.31	
235718	47	429.8	281.2	175.8	281.2	71.2	1.44	4.57	0	1,003	0	0.56	
236090	47	429.6	281.5	176.1	281.2	71.2	1.75	4.57	0	987	0	0.81	
236488	47	429.2	281.8	176.5	282.2	71.2	1.75	4.57	0	989	1	0.31	
236872	47	428.8	281.8	176.8	282.2	71.2	1.75	4.57	0	988	2	0.81	
237217	47	428.5	282.5	177.0	282.5	71.2	1.75	4.57	0	974	2	0.56	
237608	47	428.1	282.8	177.3	283.2	71.8	1.56	4.57	0	942	2	0.56	
237955	47	427.8	283.5	177.5	283.5	71.5	1.75	4.57	0	931	2	0.31	
238301	47	427.5	283.8	177.8	283.8	71.8	1.56	4.57	0	976	2	0.81	
238666	47	427.1	284.2	177.8	284.2	72.2	1.44	4.57	0	979	2	0.31	
239053	47	426.7	284.8	178.3	285.2	72.2	1.75	4.57	0	933	2	0.31	
239413	47	426.4	285.5	178.8	285.5	72.5	1.56	4.57	0	974	2	0.56	
239789	47	426.0	285.8	179.0	286.2	72.5	1.56	4.57	0	983	2	0.31	
240125	47	425.7	286.2	179.3	286.2	72.5	1.44	4.57	0	985	2	0.56	
240499	47	425.4	286.5	179.5	286.8	72.5	1.44	4.57	0	967	2	0.31	
240853	47	425.1	287.5	179.8	287.5	72.8	1.44	4.57	0	966	1	0.31	
241245	47	424.7	287.8	180.3	287.5	72.8	1.56	4.57	0	962	1	0.31	
241638	47	424.3	288.5	180.6	288.5	72.8	1.56	4.57	0	958	1	0.31	
242027	47	424.0	289.2	180.6	289.2	72.8	1.56	4.57	0	946	1	0.31	
242416	47	423.7	289.5	181.5	289.5	73.8	1.56	4.57	0	945	1	0.31	
242770	47	423.4	289.8	181.7	289.8	73.5	1.56	4.57	0	952	1	0.31	
243175	47	423.1	290.5	181.8	290.5	73.5	1.44	4.57	0	952	1	0.31	
243560	47	422.8	291.5	182.5	291.5	73.5	1.56	4.57	0	953	1	0.31	
243976	47	422.5	291.8	182.8	292.2	73.8	1.56	4.57	0	949	1	0.31	
244391	47	422.2	292.8	183.3	292.8	73.8	1.56	4.57	0	936	1	0.31	
244683	47	421.9	292.8	183.1	292.8	73.8	1.56	4.57	0	939	1	0.31	
245032	47	421.7	293.5	183.7	293.5	74.5	1.56	4.57	0	948	0	0.31	
245485	47	421.4	294.2	184.0	294.2	74.2	1.56	4.57	0	963	0	0.31	
245853	47	421.1	294.2	184.5	294.2	74.8	1.56	4.57	0	964	0	0.31	
246196	47	420.8	294.5	184.8	294.8	74.5	1.56	4.57	0	952	0	0.31	
246572	47	420.5	295.2	184.8	295.5	74.5	1.56	4.57	0	964	0	0.31	
246961	47	420.2	295.5	185.1	295.8	74.8	1.56	4.57	0	973	1	0.56	
247330	47	419.9	296.2	185.5	295.8	74.8	1.56	4.57	0	977	1	0.31	
247693	46	419.7	296.5	185.5	296.5	75.5	1.56	4.57	0	959	1	0.31	
248074	46	419.4	297.5	186.0	297.2	75.5	1.56	4.57	0	953	1	0.31	
248340	46	419.1	297.5	186.3	297.5	75.5	1.56	4.57	0	935	0	0.31	
248686	46	418.9	297.5	186.6	297.8	75.5	1.56	4.57	0	926	0	0.31	
249079	46	418.6	298.2	187.0	298.2	76.2	1.75	4.57	0	955	0	0.31	
249495	46	418.3	298.5	187.1	298.5	75.5	1.56	4.57	0	977	0	0.31	
249866	46	418.0	299.2	187.1	299.5	75.8	1.56	4.57	0	977	0	0.31	
250254	46	417.8	299.5	187.6	299.5	75.8	1.56	4.57	0	962	0	0.31	
250653	46	417.5	299.5	188.0	299.5	76.2	1.56	4.57	0	948	0	0.31	
251086	46	417.2	300.2	188.0	300.2	76.2	1.56	4.57	0	949	0	0.31	
251428	46	416.9	300.5	188.3	300.8	76.5	1.56	4.57	0	949	0	0.31	
251842	46	416.6	301.2	188.8	301.2	76.5	1.56	4.57	0	952	0	0.31	
252234	46	416.4	301.5	189.0	301.5	76.5	1.44	4.57	0	980	0	0.00	
252586	46	416.1	301.5	189.0	301.8	76.5	1.25	4.57	0	923	0	0.00	
253027	46	415.9	302.5	189.7	302.5	76.8	1.56	4.57	0	816	0	0.00	
253401	46	415.6	302.5	189.8	302.8	77.5	1.44	4.57	0	802	0	0.00	
253811	46	415.4	302.8	190.0	302.8	77.2	1.56	4.57	0	814	0	0.00	
254155	46	415.2	303.2	190.5	303.5	77.5	1.56	4.57	0	825	0	0.31	
254553	46	415.0	303.5	190.5	303.5	77.8	1.56	4.57	0	833	0	0.00	
254958	46	414.7	303.8	190.8	304.2	78.5	1.56	4.57	0	838	0	0.00	
255316	46	414.5	304.2	190.8	304.2	77.8	1.56	4.57	0	839	0	0.00	
255625	47	414.3	304.5	191.2	304.2	78.2	1.56	4.57	0	841	0	0.00	
256007	47	414.1	304.5	191.3	304.5	78.2	1.56	4.57	0	832	0	0.00	
256416	47	413.9	304.8	191.5	304.5	78.5	1.56	4.57	0	829	0	0.00	
256823	47	413.6	304.8	191.6	305.2	78.5	1.56	4.57	0	829	0	0.00	
257229	47	413.4	305.5	191.6	305.2	78.5	1.56	4.57	0	837	0	0.31	
257577	47	413.2	305.5	192.3	305.5	78.8	1.56	4.57	0	840	0	0.00	
258012	47	413.0	305.5	192.1	305.5	79.2	1.56	4.57	0	827	0	0.00	
258410	47	412.8	305.8	192.5	305.8	79.2	1.56	4.57	0	808	0	0.00	
258818	47	412.6	306.2	192.5	305.8	79.2	1.25	4.57	0	806	0	0.00	
259191	47	412.4	305.8	192.5	306.2	79.2	1.44	4.57	0	475	0	0.00	
259579	46	412.3	306.2	192.5	306.2	79.5	-0.06	4.57	0	185	0	0.00	
259972	47	412.1	306.2	192.5	306.2	79.8	1.44	4.57	0	0	0	0.00	
260360	47	412.0	306.2	192.5	306.2	79.8	1.56	4.57	0	0	0	0.00	
260759	47	411.8	306.2	192.5	306.5	80.2	1.56	4.57	0	0	0	0.31	
261157	48	411.7	305.8	192.5	305.8	80.2	1.44	4.57	0	0	0	0.00	
261516	48	411.7	305.8	192.5	306.2	80.2	1.56	4.57	0	0	0	0.00	
261880	48	411.5	305.5	192.5	305.5	80.5	1.44	4.57	0	0	0	0.00	
262300	48	411.5	305.2	192.5	304.5	80.5	1.44	4.57	0	0	0	0.00	
262663	48	411.4	304.5	192.5	304.8	80.8	1.44	4.57	0	0	0	0.31	
263059	48	411.3	304.2	192.5	304.2	80.8	1.56	4.57	0	0	0	0.00	
263389	48	411.2	303.8	192.5	303.8	80.5	1.56	4.57	0	0	0	0.00	
263768	48	411.2	303.2	192.5	303.2	81.2	1.44	4.57	0	0	0	0.00	
264099	48	411.1	302.5	192.5	302.5	81.2	1.56	4.57	0	0	0	0.00	
264433	48	411.1	301.8	192.5	301.8	81.2	1.56	4.57	0	0	0	0.00	
264772	48	411.0	301.2	192.5	301.2	81.5	1.56	4.57	0	0	0	0.00	
265165	48	410.9	300.2	192.5	300.2	81.5	1.56	4.57	0	0	0	0.00	
265536	48	410.9	299.8	192.5	299.8	81.5	1.56	4.57	0	0	0	0.00	
265908	48	410.9	299.2	192.5	298.8	81.8	1.56	4.57	0	0	0	0.00	
266246	48	410.8	298.2	192.5	298.2	81.8	1.56	4.57	0	0	0	0.00	
266584	48	410.8	297.5	192.5	297.2	82.2	1.56	4.57	0	0	0	0.00	
266931	48	410.8	296.8	192.5	296.5	82.2	1.56	4.57	0	0	0	0.00	
267328	48	410.7	295.5	192.5	295.5	82.5	1.56	4.57	0	0	0	0.00	
267727	48	410.7	294.8	192.5	294.8	82.5	1.44	4.57	0	0	0	0.00	
268114	48	410.7	293.8	192.5	293.5	82.8	1.56	4.57	0	0	0	0.00	
268450	48	410.6	293.2	192.5	292.8	82.8	1.56	4.57	0	0	0	0.00	
268838	48	410.6	291.8	192.5	291.8	82.8	1.56	4.57	0	0	0	0.00	
269234	48	410.6	290.8	192.5	291.2	83.2	1.56	4.57	0	0	0	0.00	
269635	48	410.6	289.5	192.5	289.8	82.8	1.56	4.57	0	0	0	0.00	
269998	48	410.5	288.5	192.5	288.5	83.5	1.56	4.57	0	0	0	0.00	
270334	48	410.5	287.5	192.5	287.8	83.5	1.56	4.57	0	0	0	0.00	
270711	48	410.5	287.2	192.5	286.8	83.5	1.56	4.57	0	0	0	0.00	
271103	48	410.5	286.2	192.5	285.5	83.5	1.56	4.57	0	0	0	0.00	
271483	48	410.5	284.8	192.5	284.8	84.2	1.56	4.57	0	0	0	0.31	
271856	48	410.5	283.5	192.5	283.5	83.8	1.56	4.57	0	0	0	0.00	
272231	48	410.4	282.5	192.5	282.8	84.2	1.56	4.57	0	0	0	0.00	
272579	48	410.4	281.5	192.5	281.5	84.2	1.56	4.57	0	0	0	0.00	
273010	48	410.4	280.5	192.5	280.5	84.5	1.56	4.57	0	0	0	0.00	
273376	48	410.4	279.8	192.5	279.8	84.2	1.44	4.57	0	0	0	0.00	
273768	48	410.4	278.5	192.5	278.5	84.5	1.44	4.57	0	0	0	0.31	
274135	48	410.4	277.5	192.5	277.5	84.8	1.44	4.57	0	0	0	0.00	
274487	48	410.4	276.5	192.5	276.5	84.5	1.44	4.57	0	0	0	0.31	
274898	48	410.4	275.5	192.5	275.2	85.2	1.56	4.57	0	0	0	0.00	
275291	48	410.4	274.8	192.5	274.5	85.2	1.44	4.57	0	0	0	0.00	
275672	48	410.3	273.5	192.5	273.5	85.2	1.56	4.57	0	0	0	0.31	
276020	48	410.3	272.5	192.5	272.2	85.2	1.56	4.57	0	0	0	0.00	
276369	48	410.3	271.5	192.5	271.5	85.2	1.56	4.57	0	0	0	0.00	
276761	48	410.3	270.8	192.5	270.5	85.5	1.56	4.57	0	0	0	0.00	
277138	48	410.3	269.8	192.5	269.5	85.8	1.56	4.57	0	0	0	0.00	
277542	48	410.3	268.2	192.5	268.2	85.5	1.44	4.57	0	0	0	0.00	
277901	49	410.3	267.5	192.5	267.2	85.8	1.56	4.57	0	0	0	0.00	
278292	49	410.3	266.2	192.5	266.2	85.8	1.56	4.57	0	0	0	0.31	
278566	49	410.3	265.5	192.5	265.5	85.8	1.56	4.57	0	0	0	0.00	
278857	49	410.3	264.8	192.5	264.8	86.2	1.44	4.57	0	0	0	0.00	
279282	49	410.3	263.5	192.5	263.5	86.2	1.56	4.57	0	0	0	0.00	
279717	49	410.3	262.5	192.5	262.5	86.2	1.44	4.57	0	0	0	0.00	
280112	49	410.3	261.5	192.5	261.5	86.5	1.44	4.57	0	0	0	0.00	
280500	49	410.3	260.5	192.5	260.5	86.5	1.44	4.57	0	0	0	0.00	
280904	49	410.3	259.2	192.5	259.5	86.5	1.56	4.57	0	0	0	0.00	
